54 71 61
54 42 65
43 89 97
38 79 53
56 92 8
8 2 84
77 87 98
79 46 79
11 63 15
94 52 42
26 77 46
56 1 62
61 61 95
68 35 44
69 6 67
67 21 13
31 36 58
43 98 11
20 16 66
25 46 25
15 11 66
13 19 37
82 9 84
9 97 47
97 60 74
3 28 13
29 11 32
41 6 70
56 26 53
9 57 93
31 66 14
71 28 19
58 2 83
0 67 28
73 96 25
57 59 58
22 95 45
84 69 30
81 39 89
58 88 70
72 50 96
64 42 61
1 30 67
29 61 43
13 29 57
59 57 66
65 43 90
36 43 90
80 70 11
91 71 100
14 86 17
61 12 85
80 56 41
6 69 46
72 86 98
85 1 36
72 17 53
5 19 2
79 22 35
92 70 4
16 62 58
23 93 62
53 58 74
31 39 21
18 94 74
49 22 26
5 43 32
69 37 18
2 6 68
45 53 90
99 21 67
26 2 76
32 38 59
83 62 88
27 79 19
95 68 22
94 73 26
21 51 3
20 42 38
46 27 59
86 11 52
13 71 40
56 18 15
48 35 95
76 74 91
8 55 59
96 29 25
10 1 93
66 78 29
58 6 49
97 87 34
96 23 95
94 79 64
87 29 85
61 1 35
14 98 48
49 63 37
13 82 19
51 22 10
86 97 97
